315
595
2356
2356
2357
2360
3754
3754
3755
3757
6215
9210
9872
12026
12272
12612
12612
23062
23062
23131
23210
29721
29724
29725
31599
31599
31779
31925
38008
38668
38673
38673
38880
38894
38908
38910
39037
39965
40545
40548
40549
42329
42338
42343
42373
42392
43196
43197
43200
43720
45122
46510
46510
46929
48009
48009
48730
48730
50343
51172
52061
53354
60830
60959
61848
64502
64656
64656
65655
66498
66553
71350
71941
72306
73786
76494
77672
77672
78665
79857
81636
82410
82623
83760
83825
83870
84682
84688
85867
86744
86973
86973
88339
89858
89858
93092
93092
93092
93950
96378
96379
96397
96795
96795
101052
101551
101551
102217
102405
102704
105060
107452
108430
108624
108629
109366
110498
111436
111473
112253
112253
112256
112256
112262
114327
114409
114409
115799
116689
117389
117390
117422
119191
119406
121704
122813
122814
124789
126093
128310
128310
128479
128479
128558
129357
129417
129514
129514
130606
131482
132017
136031
137640
139032
143455
143463
143534
144375
144428
144443
144491
144575
144575
144602
144602
144613
144657
144658
144658
144924
144930
144942
144998
145054
145056
145207
145216
145216
145256
145256
145434
145469
145469
145802
146600
146618
146671
146700
147734
148382
148750
148751
149146
149146
149832
150386
150386
150398
151451
151734
151734
152348
152591
152774
154333
154339
154575
154575
154828
155558
155558
155569
156485
156487
156882
156882
159266
161822
161844
162918
163850
164700
165240
165240
168618
168688
170292
170367
172075
176121
177321
177529
178357
178357
178785
179280
181158
185538
188275
188741
191619
193953
193953
194450
194486
194486
194723
195327
197583
197593
197593
197677
197677
197733
198081
199990
202133
202839
203984
204515
207184
207813
208494
210476
211817
212049
215803
219592
220055
220110
220251
220259
220259
220411
220679
222414
224913
226287
229587
229587
229748
230482
231220
236775
242641
245254
245406
247666
247672
247715
247718
247748
247749
247792
247817
248026
248804
248845
248848
248886
251306
251596
251626
255719
256640
258070
258347
258347
258618
261061
261306
261306
261368
261378
261726
261860
261872
262997
263006
263956
266451
267310
267314
267314
267317
267325
267355
268557
270750
274549
278417
279891
280713
280713
281160
281755
281810
282141
285944
286742
286742
286890
288639
289815
289879
290152
290152
291763
291774
292955
294341
294341
294559
295817
297386
298125
298125
298672
301992
302022
302864
303777
303860
304223
304346
304346
305269
312256
312861
315706
316539
316917
318407
318700
319227
319227
325086
327227
328155
328181
330190
331433
332317
332771
333301
333364
333364
335794
335849
336101
336520
336925
337565
339991
341036
342227
343084
343429
343429
343830
343830
345312
345566
345637
347207
347416
349015
349149
349941
349941
350346
350346
351880
354184
363455
368294
368301
370238
371115
373512
387895
389409
392429
393470
395395
400929
400948
400993
403030
403607
404080
404936
404938
404938
414391
417288
418499
423542
425571
428160
431209
431209
432474
432475
446911
449492
451212
454031
456247
456247
458810
460409
460692
463104
466991
468014
475351
478921
481344
481344
481969
482704
484119
484709
484710
484717
486774
486778
486825
487549
487652
497435
500548
501649
503723
503740
507260
508571
508571
516800
523621
523903
523924
524303
524303
524402
524402
534224
534285
534453
534485
534603
534798
534798
534960
536437
536440
536499
536500
536500
536503
536504
539082
539083
539085
539087
539131
539134
539157
539169
540285
540285
540374
540374
540398
540401
541825
541839
541843
541845
542232
542241
542445
542445
542457
544351
545480
545483
545739
546856
547433
548263
548447
549743
550408
550414
550622
553763
554383
556839
559427
564721
565685
569607
570938
575492
578150
580195
580225
585501
595941
607636
607665
607665
607667
607668
607673
608945
609897
610769
611111
611111
619164
619246
620394
620399
620534
625214
625711
625713
625725
627686
627698
628217
628217
629582
632344
632859
633862
634389
635199
639859
642990
643004
647761
652190
652799
652806
652819
652952
652953
654634
654634
654743
654746
657831
657948
657986
659626
660647
660647
660712
661590
665681
666651
668279
670738
675555
676063
676071
678087
681082
684016
686375
686381
686387
686433
686458
686465
686606
687170
687979
689131
689307
690985
690989
692247
692405
693541
693644
696309
696340
700255
701555
701559
701950
701951
701964
703174
706032
706101
706889
706901
706910
706925
708502
708986
709553
709557
710101
710730
711024
711024
711336
711509
713264
713869
715070
715309
718374
718533
718806
719915
719930
719930
719930
720491
723864
726337
726358
726800
730350
731145
734555
734912
734912
734912
735041
735041
735363
735363
740069
742998
744946
745253
745352
745355
745381
746225
747857
754909
755361
755361
755403
757765
757780
758227
759261
759577
761989
761998
761998
764790
766100
767223
769894
770120
772603
773730
773735
775684
775771
779283
779283
779288
779297
779299
779310
779324
779325
779326
779337
779337
779341
779361
779365
779367
779367
779370
779417
779420
781127
782728
782733
788942
788949
788956
789091
789100
789176
789186
789202
789228
794304
800770
801803
801814
801818
812762
817151
818537
819480
824011
824036
825044
825044
825050
825055
825241
830338
833143
833143
833922
837082
846349
850113
860854
861895
862348
863329
865455
865693
866094
867320
867337
867783
871337
872325
872615
872850
872877
872879
872886
873172
873205
873206
873212
873214
873471
873472
873473
873728
873728
873729
873731
873731
873904
873965
873965
874365
877050
877596
877803
877814
877830
878109
878109
879055
884080
884251
886812
901575
907808
909520
910478
911227
911883
914932
915355
915359
922290
927576
928633
928633
931164
935032
935032
939462
953862
954470
955671
956014
962123
966848
968493
968561
975985
990117
990357
990357
991691
998736
1001018
1003904
1009616
1019713
1020453
1027514
1027516
1027585
1027586
1027685
1027689
1027694
1027696
1027701
1027721
1027723
1027725
1027728
1027732
1027737
1028724
1028735
1029262
1029264
1029265
1032680
1033038
1033041
1034104
1037901
1049114
1049116
1049120
1049360
1049953
1050577
1065917
1068399
1068407
1068408
1068486
1068497
1068752
1068753
1068757
1068759
1068760
1068764
1069041
1069043
1069808
1069812
1069831
1069852
1069854
1069870
1069870
1069877
1069890
1069890
1069893
1069950
1069953
1069959
1069966
1069968
1069968
1070011
1070488
1071190
1071221
1071223
1071223
1071388
1071453
1071473
1071483
1076050
1084864
1086658
1087074
1087226
1087231
1087234
1087242
1087246
1093886
1095360
1105007
1107607
1107607
1108710
1112789
1123042
1141778
1142453
1143057
1143062
1156346
1158426
1161969
1173282
1173285
1173298
1179462
1180140
1192793
1193677
1200717
1205022
1213455
1213455
1219363
1224012
1224027
1225820
1225857
1226016
1226016
1226684
1226977
1226998
1227012
1227090
1227113
1227639
1227683
1227890
1227900
1227919
1227955
1228573
1228613
1228649
1228742
1228757
1228919
1229391
1229445
1229487
1229623
1230024
1230193
1230193
1230293
1230293
1230999
1231361
1231377
1231557
1231584
1231584
1232182
1232289
1232416
1232416
1232428
1232572
1232646
1232646
1232862
1232964
1233043
1233061
1234195
1234378
1234378
1234854
1235072
1235072
1235250
1235250
1235539
1235545
1235557
1235572
1235728
1235800
1236032
1236044
1236106
1236106
1236181
1236617
1236653
1236782
1237091
1237098
1237256
1237284
1237500
1237966
1238016
1238029
1238348
1238362
1238374
1238397
1238499
1238499
1238510
1238542
1238937
1238937
1238952
1239017
1239112
1239116
1239134
1239325
1239495
1239495
1239583
1239610
1240283
1240356
1240356
1240414
1240640
1240705
1240724
1240800
1240822
1240841
1241000
1241000
1241041
1243393
1243393
1244024
1244024
1244263
1244263
1244754
1245235
1245591
1246113
1246113
1246382
1246578
1246578
1246682
1246682
1246925
1246925
1247296
1247296
1247999
1247999
1248095
1248095
1248616
1248616
1248868
1248985
1248985
1249006
1249006
1249244
1249244
1249551
1250002
1250424
1250573
1250573
1250573
1250659
1250894
1250894
1251343
1251343
1251358
1251358
1252186
1252186
1252457
1252457
1252457
1253627
1253627
1253627
1254141
1254141
1255056
1255056
1255489
1257036
1257036
1257036
1257036
1257510
1257510
1257510
1259654
1259654
1270645
1272125
1278702
1278717
1279029
