465
9375
9586
9849
14739
20778
30164
30557
30558
31852
38337
38583
38627
39060
39709
41764
43442
43682
45175
45954
48408
53715
58742
82652
83702
88902
91678
95077
95883
96568
100585
102989
104257
114172
114172
115708
125506
125818
125834
128090
142859
143637
144948
149104
163871
164722
166793
171115
174864
175078
176503
176762
183348
185335
186351
187275
187278
194895
211590
231284
238586
239805
241494
244144
254109
258403
263812
266280
274565
295815
296320
296936
296946
297959
300477
304611
306655
316970
320055
321840
321970
322235
322539
323766
325951
329439
346855
346856
357631
364179
385329
391017
429599
452186
476750
491430
491484
494722
503028
514182
517345
517558
522087
537772
542210
556954
558468
565715
585356
588530
590320
600673
613339
623666
630897
634708
634955
636239
637749
638298
638312
642380
645777
675151
675157
675159
677504
685395
685398
685399
685403
685406
685421
685423
685425
685427
685428
685430
685444
685446
685448
685462
685463
685468
685619
685620
685624
685625
685626
685627
685628
685628
685631
685632
685633
685634
685635
685636
685637
685638
685639
685640
685641
685642
685644
685645
685646
685647
685649
685650
685651
685653
685655
685656
685658
685660
685661
685662
685663
685664
685668
685669
685670
685671
685672
685673
685674
685675
685676
685677
685678
685679
685680
685682
685684
685685
685687
685695
685696
685697
685698
685699
685700
685701
685702
685706
685707
685708
685709
685711
685712
685713
685714
685715
685728
685729
685730
685735
685736
685737
685740
685742
685747
685748
685749
685750
685751
685752
685754
685755
685757
685761
685765
685768
685773
685786
685793
685798
685818
685828
685829
685832
685834
685835
685837
685838
685839
685885
685886
685887
685888
685889
685890
685892
685897
685908
685909
685910
685911
685913
685920
685921
685925
685926
685927
685928
685931
685934
685937
685949
685950
685951
685952
685953
685954
685955
685960
685965
685966
685968
685972
685974
685975
685977
685979
685980
685982
685983
685987
685988
685989
685992
685994
685995
685997
685998
685999
686001
686332
686333
686334
686336
686338
686339
686340
686341
686343
686344
686345
686347
686348
686349
686350
686352
686353
686354
686355
686357
686358
686359
706305
709671
713807
715534
717487
722309
731585
752763
760666
769221
769230
769234
769240
769245
769247
769258
769260
769262
769265
776025
778419
782772
782783
794038
795426
801004
802708
806079
811777
811927
821719
823720
834369
840127
840257
844571
858716
859070
861933
871506
877835
885243
900305
900305
915564
916184
922785
930085
936767
943469
950442
950801
951317
953209
961602
961603
979481
998961
999863
1003723
1033985
1034711
1050725
1051907
1059175
1066552
1075583
1085992
1090896
1090938
1096504
1098242
1098383
1100582
1101480
1101552
1104718
1104776
1105695
1107192
1120151
1134761
1149048
1168028
1169145
1170554
1184171
1188680
1226167
1227827
1230875
1252411
1252548
1252548
1252607
1252607
1259229
1277704
1278517
1280028
1281900
