12669
93814
93914
95483
101955
111599
127367
172069
172069
172069
207691
251201
266042
277263
281722
315757
315759
322201
322323
343014
381071
384909
388249
412360
433463
456799
489716
489996
535808
542454
567559
567829
567990
576538
576551
576552
576554
576556
577685
577688
577698
609658
609663
614435
624037
654002
674116
674705
674881
674883
679862
679881
679977
691530
691534
704236
704248
704318
729529
730197
757223
764168
772606
772611
772619
790353
800203
801243
802858
804249
804436
813009
813040
819093
821331
828985
838845
840704
848244
848270
863283
864566
871216
883146
893296
893673
894683
904197
905086
972790
973766
973769
1001757
1012275
1031035
1055854
1056481
1056482
1056484
1056509
1056511
1056514
1056516
1056518
1056519
1056522
1056526
1056527
1056529
1056534
1077374
1080640
1082089
1082095
1082895
1098940
1104622
1122042
1160916
1213279
1248108
1249821
1250955
1252368
1253734
1257703
