2558
3731
4091
5189
6109
6109
6110
6112
6113
6118
6119
6119
6128
6128
6489
6703
7301
8181
9463
9463
9880
9913
10226
10917
12076
13906
14720
15963
18774
19974
22227
22915
28195
29243
29332
29411
29696
30505
32787
33177
33177
33298
35624
36168
36249
39642
39946
40025
40260
40681
40722
41023
41194
41385
41385
42572
43231
43545
43848
43887
44103
44145
44862
44955
45550
46410
47409
48739
49475
49687
49687
50091
50091
60453
60801
61265
62027
63722
66337
66337
66337
66865
69830
70086
70454
70907
71186
72041
72888
73357
73465
73718
75279
76650
77516
78945
80402
81859
81884
82087
82848
82944
83051
83668
84664
85677
85748
86058
86707
86918
87888
88883
92586
92685
93062
93130
93303
94751
95251
95960
96204
96851
98450
99086
99374
99777
100211
100918
102021
102088
102500
105206
110050
110531
110696
111305
111310
111331
112451
112584
112589
113128
113161
113618
113997
115007
115029
115133
115591
115911
116133
117946
118186
120191
120256
120807
121053
121142
121185
121369
121894
122959
123646
123770
123795
124437
124465
124651
124919
126290
126702
126930
127160
132019
132107
132313
133867
135369
135389
135389
135389
135918
136166
136169
136221
136786
137447
140287
141368
142698
143844
144955
145625
147038
147123
147949
150473
150900
150900
151278
151428
151428
152562
153561
153561
153787
154073
155904
157249
157471
158035
158401
159584
162223
162223
162881
165102
165161
166578
166585
167151
167169
167325
167330
167334
167336
167338
167641
168029
168036
168110
168441
168486
169200
169267
169270
171258
171905
173007
174309
174729
174940
177924
178160
180106
182641
185250
185859
188270
189855
189905
191704
193125
193943
197084
197772
198077
199400
202840
204071
204535
204735
207509
209388
215664
216086
218509
218521
219173
219322
220690
221907
222825
223106
224330
226045
226738
228226
229322
229393
235269
235986
237148
238820
240845
241513
241580
241619
242403
242413
243474
249950
249950
251736
252369
252876
253910
253910
254387
254918
259161
259349
259994
260151
260299
260299
260311
260594
260949
262771
263749
264051
265289
265363
265998
265998
266107
266442
266900
267315
267945
267948
267955
267957
268208
268904
269171
269360
270528
270528
271932
271933
272309
274735
275923
276076
276076
276285
277166
277603
277861
277924
278020
278279
279128
279306
279537
281112
281125
281128
281135
281136
281735
282033
284886
284904
285068
285805
285805
286095
286330
287852
289714
294527
294876
294985
295634
296046
296333
297302
297323
297940
299182
299345
300612
300627
302933
303168
303712
305102
305246
306213
306816
308153
308788
310291
310377
314076
314651
318066
318682
321305
324605
324704
326039
326094
326685
328554
328667
328667
328667
329513
332630
333495
335830
336130
336614
336722
336787
336864
339047
339047
339546
339573
343477
343602
343652
344152
344152
344920
345591
346988
347582
347601
350533
350559
350848
351211
353380
353505
354272
355598
356237
358013
358437
358461
358858
359942
362793
362796
364327
365304
365503
366168
366579
366914
366969
368966
369634
370338
372661
373035
373498
373934
374414
375057
375057
375186
375578
375966
377616
378302
378302
379925
381319
384522
385380
385844
386845
388088
389434
390379
390556
392594
393323
395350
395402
397147
400100
401776
402675
403060
404951
404951
405037
407151
407277
408852
409028
409501
410247
412130
412337
412809
412824
414168
414172
414426
416102
420193
422516
424446
425531
427560
432356
432746
434024
443662
447319
447370
447543
447761
448248
448288
448299
450922
451325
451397
451902
452094
452512
452513
452642
452950
454222
454800
456554
456554
456751
456954
458707
459800
460153
461850
462145
462156
462202
462327
465372
467882
468420
468684
469361
469492
470016
471127
472881
474882
476587
476625
477285
477378
477378
477378
481474
483791
485763
485858
485864
485953
485968
485978
485988
486002
486028
486326
486354
486370
486400
486400
486636
486679
486685
486698
486725
486788
486794
487905
487943
487959
487978
487996
488098
488338
489243
489410
491553
500697
505446
508703
509213
509213
509868
512087
512512
516276
518906
520243
521283
522125
522240
523938
524400
527248
527414
528360
528464
529103
529155
529156
529163
536311
537632
539478
539884
539892
539903
542959
545061
547231
548683
551744
551744
551908
554113
554113
554118
554118
554122
554122
554896
556210
556257
557082
557522
558290
559497
560088
561148
561763
562455
563512
566060
567459
567939
570457
570861
571857
571976
572514
573207
574827
574869
575288
577927
579551
580111
580662
580779
581739
581864
583448
584003
584202
584581
584754
590664
593139
595983
596091
599120
601407
602809
604490
605116
605242
606550
606914
606918
607442
608247
610471
610588
612283
612312
612315
612655
612658
612856
612897
612947
612963
613304
613327
613407
614752
616749
617095
618203
621120
623400
623841
624140
627428
628010
631816
635367
639454
639601
640864
640966
641240
641642
642010
642141
650993
654610
655120
655410
656122
656122
657258
657355
657820
660680
662717
664051
664051
666716
666751
668196
668265
669298
669298
672542
675270
677859
677859
682741
683600
684304
687414
687496
690554
691162
691227
691227
692532
692532
692689
692711
693114
693577
693577
694774
695302
699079
699728
699728
703552
704527
707106
708179
708931
710121
710864
710877
711618
711970
713155
713282
714645
717467
717468
726121
727066
727941
730739
730806
731037
731108
733518
733559
733636
734401
735760
738143
738789
742364
742884
745649
746122
747572
747999
750514
753288
753289
753291
753743
758187
759471
759808
764199
766263
766294
766345
769291
769926
770746
772403
777705
778756
779016
784167
787143
787401
787861
789603
789661
790607
792868
793352
795098
795098
795712
795721
796644
797939
798149
802701
803311
803913
804436
810081
810229
812225
814379
815823
819505
821427
822168
822429
823146
823508
823806
823999
825042
825115
825246
825272
825963
828964
829323
829400
829962
831781
833363
834047
834745
835924
836113
837359
837359
837359
838586
839781
842221
842855
842880
843894
844664
847294
850396
850940
851446
853900
858870
860054
860054
861241
864534
866388
869822
871401
873826
875939
881313
884498
884840
887627
887633
887769
889844
890416
891436
892719
894730
901297
901297
904194
905460
905575
907939
907939
907939
908649
910147
911291
916171
917899
922262
922297
922559
925385
925576
926746
931033
934122
939083
939099
941345
943696
946129
948534
949533
950328
950563
954170
954170
956672
957751
959601
959601
959769
959769
960968
961042
961597
962317
963344
964368
968086
969837
970959
970959
971284
972438
972478
973339
973346
973419
973777
974172
974883
982010
987193
989494
993342
993450
994628
997198
1001126
1002370
1002606
1002715
1003111
1004905
1007620
1007735
1008240
1008990
1009398
1010167
1014536
1015496
1015567
1016965
1016969
1017028
1017041
1017049
1018580
1018681
1023229
1023966
1025893
1027298
1028116
1028953
1032229
1039945
1040824
1045255
1047470
1050210
1050252
1053619
1053619
1054093
1057932
1057957
1058333
1058333
1059384
1059384
1060439
1060461
1060461
1062113
1063558
1064407
1065294
1065329
1070279
1070306
1070453
1070763
1070763
1070763
1071332
1072700
1073725
1074102
1074102
1076591
1076887
1077790
1079307
1079307
1080173
1082938
1084038
1084165
1084396
1084853
1084853
1084853
1084853
1084910
1085337
1085337
1086120
1087594
1087824
1088214
1088648
1088693
1089441
1090187
1090981
1091012
1091715
1094248
1094884
1095666
1097404
1098214
1098214
1098268
1100052
1100146
1100892
1101859
1101983
1102243
1102297
1102440
1102475
1103313
1103671
1105319
1105915
1106067
1106517
1107074
1108382
1108533
1108805
1109810
1110293
1110461
1111287
1112255
1112516
1113173
1113458
1114429
1114429
1114429
1116774
1120156
1121057
1121654
1123818
1124908
1125183
1130126
1132901
1133290
1133293
1133843
1133843
1134142
1134583
1135893
1136478
1136524
1136552
1140367
1140407
1140739
1141728
1144385
1145366
1148147
1150396
1153085
1153769
1153769
1155955
1157650
1159822
1163966
1165890
1167053
1168347
1170015
1172304
1172304
1172304
1173143
1173383
1176452
1176599
1178098
1180097
1180097
1180097
1180539
1180539
1180764
1180952
1184855
1186044
1187739
1188898
1188991
1189892
1190841
1192624
1193276
1193283
1193479
1193479
1193480
1194699
1194700
1194987
1197023
1199044
1199483
1199483
1200800
1202932
1205927
1209129
1209326
1209534
1209534
1209907
1210062
1210070
1210184
1210376
1210578
1215279
1215292
1215507
1215865
1217740
1219262
1222037
1222075
1224204
1225119
1225422
1225454
1226155
1226875
1226943
1227157
1227157
1227157
1227338
1227607
1228289
1228918
1230804
1230915
1235579
1236148
1237275
1237615
1237764
1240965
1241235
1241574
1241584
1242737
1245361
1245966
1248194
1249328
1249332
1250584
1252094
1254393
1257874
1258263
1269639
1270035
1271112
1271801
1277001
1277397
1278796
1282034
1282034
1282074
