20
44
79
79
249
249
249
249
259
271
339
491
495
495
495
658
754
754
754
754
754
754
823
823
823
823
823
826
1453
1453
1453
1453
1453
1458
1458
1458
1458
1461
1461
1461
1461
1461
1463
1463
1463
1463
1464
1464
1464
1464
1464
1464
1464
1464
1465
1465
1465
1465
1854
1863
1949
1949
1949
2002
2002
2182
2182
2182
2182
2182
2205
2205
2205
2205
2306
2306
2306
2306
2431
2431
2431
2436
2447
2467
2618
2670
2670
2719
2742
2743
2743
2743
2743
2743
2818
2870
2870
2870
2870
3228
3444
3444
3461
3462
3462
3462
3462
3462
3841
4061
4061
4804
4804
4804
4982
4982
4996
5142
5142
5142
5142
5184
5282
5382
5382
5447
5447
5605
5605
5605
5605
5663
5755
5755
5755
5759
5759
6085
6211
6211
6211
6211
6372
6372
6372
6372
6372
6483
6524
6743
6743
6743
6743
7238
7238
7238
7567
7735
7757
7757
7763
8334
8399
8399
8399
8814
8814
8814
8814
9083
9158
9158
9158
9158
9159
9159
9159
9160
9160
9160
9160
9160
9161
9161
9161
9161
9162
9162
9162
9162
9163
9163
9163
9164
9164
9164
9165
9165
9165
9165
9166
9166
9167
9167
9167
9168
9168
9168
9168
9168
9169
9169
9169
9170
9170
9170
9170
9172
9172
9172
9173
9173
9173
9173
9174
9174
9174
9174
9175
9175
9175
9176
9176
9176
9176
9176
9177
9177
9177
9177
9178
9178
9178
9179
9179
9179
9180
9180
9180
9180
9181
9181
9181
9182
9182
9182
9182
9182
9183
9183
9183
9264
9264
9264
9265
9265
9266
9266
9266
9267
9267
9267
9267
9268
9268
9268
9268
9269
9269
9269
9269
9269
9270
9270
9270
9270
9270
9271
9271
9271
9272
9272
9272
9272
9273
9273
9273
9273
9273
9274
9274
9274
9274
9274
9275
9275
9275
9275
9276
9276
9276
9277
9277
9277
9278
9278
9278
9279
9279
9280
9280
9282
9282
9282
9432
9432
9432
9433
9433
9433
9434
9434
9434
9435
9435
9435
9437
9437
9437
9437
9438
9438
9438
9439
9439
9440
9440
9440
9440
9442
9442
9442
9442
9443
9443
9443
9443
9443
9444
9444
9445
9445
9445
9446
9446
9446
9446
9447
9447
9447
9520
9520
9520
9521
9521
9523
9523
9523
9525
9525
9525
9525
9527
9527
9527
9528
9528
9528
9528
9529
9529
9529
9530
9530
9530
9530
9532
9532
9533
9533
9533
9533
9533
9822
9822
9822
9822
9823
9823
9824
9824
9824
9824
9825
9825
9825
9825
9825
9826
9826
9826
9827
9827
9827
9827
9828
9828
9828
9831
9832
9833
9834
9834
9936
9936
9936
9937
9937
9937
9937
9938
9938
9938
9938
9939
9939
9939
9940
9940
9940
9940
9941
9941
9941
9942
9942
9942
9942
9942
9943
9943
9944
9944
9944
10011
10011
10050
10050
10051
10051
10052
10053
10053
10053
10053
10054
10054
10054
10054
10055
10055
10211
10227
10227
10227
10228
10228
10229
10229
10229
10230
10230
10230
10230
10230
10231
10231
10232
10232
10232
10235
10235
10235
10235
10236
10236
10236
10236
10237
10237
10237
10237
10238
10238
10238
10290
10290
10290
10290
10291
10291
10291
10339
10339
10340
10340
10340
10340
10424
10441
10497
10497
10497
10497
10497
10498
10498
10498
10500
10500
10500
10501
10501
10502
10502
10502
10502
10502
10502
10503
10503
10731
10731
10731
10731
10731
10731
10737
10737
10737
10738
10738
10738
10739
10739
10739
10740
10740
10740
10745
10745
10745
10752
10752
10752
10753
10753
10753
10754
10754
10754
10754
10755
10755
10757
10757
10757
10758
10758
10759
10759
10759
10759
10759
10759
10761
10761
10762
10762
10762
10763
10763
10763
10763
10763
10764
10764
10765
10765
10767
10767
10804
10991
11032
11032
11032
11033
11033
11276
11393
11393
11393
11412
11772
11773
11774
11904
12048
12357
12766
12766
12766
12811
13087
13144
13214
13214
13383
13540
13587
13620
13620
13778
13823
13851
13983
14068
14284
14648
14681
14683
14684
14684
14685
14686
14688
14689
14713
14747
15237
15248
15248
15333
15333
15693
15746
18775
18776
18782
19801
19803
20706
21789
22359
22779
22781
22854
22860
22884
22991
23097
23348
23486
28201
28845
29515
29920
29973
30224
30225
30226
30228
30229
30231
30233
30234
30236
30237
30266
30266
30293
30684
30776
30801
30802
30804
31070
31151
31165
31165
31285
31725
31762
31824
32110
32159
32498
32564
33119
33158
33316
33604
33624
33626
33627
33867
33872
33931
34257
34301
34605
34775
34883
35026
35326
35381
35460
35640
35766
36063
36260
36282
36282
37341
37341
37341
37411
37714
37750
37753
38243
38322
38369
38558
38626
38655
38839
38845
38870
39417
39571
40596
41125
41126
41309
41311
41569
42039
42404
43127
43483
43483
43483
43540
43744
43826
43892
43998
44100
44145
44258
44669
44674
44954
45077
45093
45093
45268
45268
45824
45866
46218
46223
46267
46270
46272
46276
46279
46282
46287
46290
46298
46302
46358
46363
46367
46371
46375
46375
46380
46383
46517
46746
46848
46960
47002
47002
47271
47491
47491
47519
47751
47948
48037
48087
48092
48095
48121
48122
48133
48427
48836
48845
49301
49311
49381
49384
49418
49708
49709
49817
49890
49980
50043
50257
50416
50954
51140
51284
51284
51291
51323
51338
51343
51373
51650
51654
51657
51710
51763
51771
51969
51979
51983
51995
51998
52050
52086
52089
52092
52570
52653
53320
53340
53341
53343
53503
53527
53532
53541
53543
53547
54152
54318
54333
54418
54759
54764
54767
54772
54900
54923
54990
54998
55001
55065
55071
55078
55080
55084
55091
55094
55097
55101
55113
55145
55194
55232
55236
55239
55249
55265
56023
56237
56412
56412
56412
56412
56412
56412
56811
57246
57256
57268
57271
57553
57556
59223
60175
60420
61073
61922
63723
64612
64614
64897
65044
65635
65740
65740
65740
66572
66897
67103
67234
67366
67413
67457
67459
67838
67838
68817
68981
68981
68982
69392
69392
69409
69795
69798
69798
70375
70468
70836
70846
70952
71047
71177
71270
71270
71577
71578
72484
72843
72921
73083
73083
73243
73604
73866
74323
74422
74438
74542
74777
74863
75551
75622
75622
76206
77136
77754
77754
77754
77754
77754
78493
79728
79895
79901
80132
80310
80392
80402
80752
80903
80903
80905
80905
80909
80909
81256
81256
81329
81333
81333
81363
81369
81513
81526
81699
81745
81745
81897
81933
82529
82529
82618
82724
83368
83371
83371
83753
84030
84063
84104
84104
84178
84194
84194
84244
84460
84460
84464
84603
84630
84630
84630
84630
85084
85084
85168
85168
85218
85265
85461
85461
85464
85464
85581
85718
85776
85776
85907
85907
86001
86001
86203
86203
86205
86205
86319
86319
86661
86661
86664
86664
86675
86820
86992
87138
87140
87143
87146
87148
87150
87151
87162
87162
87270
87412
87416
87428
87431
87435
87437
87437
87728
87728
87932
88611
88699
88968
89092
89092
89889
89895
92426
92458
92510
92925
92935
93062
93391
93856
94419
95069
95069
95069
95069
95069
95069
95079
95079
95079
95079
95091
95488
95504
95504
95504
95504
95504
95684
95787
95900
95900
95900
95900
95901
95901
95901
95901
95902
95902
95903
95903
95903
95904
95904
95904
95905
95905
95905
95905
95905
95907
95907
95907
95907
96033
96204
96528
96528
96530
96530
96737
96752
96768
96867
97195
97207
97304
97332
97376
97678
97678
97678
97678
97678
98625
98815
98815
98818
98960
99197
99563
99579
99579
99638
100219
100272
100333
101584
102354
102354
102355
102356
102356
102464
102466
102469
103720
103720
104949
104949
105630
106103
106191
106383
106858
107163
107269
107813
107813
108241
108243
108245
108759
110716
111116
111116
111257
111421
111541
111974
112639
112961
113117
113272
113397
113659
113671
113955
113962
114249
115036
115036
115044
115238
115240
115240
115316
115361
115393
115422
115430
115432
115433
115434
115530
115553
115553
115806
116423
118375
118495
118578
118696
118821
119855
119857
119873
119876
119877
119880
119940
120005
120702
120703
120703
120727
121681
121860
122178
123374
123517
123646
124788
124819
125070
125079
125079
126781
127302
127975
127991
128002
128002
128349
128693
128697
128697
129476
129578
130280
131431
131980
132899
133789
134166
135987
136030
136030
136030
136563
136848
136970
143248
145510
147871
149571
149977
150014
150014
151883
152489
152775
152821
152824
152825
152826
152828
152829
152833
152834
152835
152840
152841
152842
152847
152849
152851
152853
152854
152855
152856
152857
152858
152859
152860
152861
152862
152863
152864
152865
152866
152867
152869
152870
152871
152872
152874
152875
152876
152877
152878
152879
152880
152881
152882
152883
152884
152885
152886
152887
152888
152889
152890
152891
152892
152894
152895
152896
152897
152898
152899
152900
152901
152902
152903
152905
152906
152907
152908
152909
152968
152969
152970
152971
152972
152973
152974
152975
152981
153073
153076
153557
154657
154767
156379
156848
156850
156851
156852
156854
156855
156856
156857
156858
156859
156860
156861
156863
156864
156865
156866
156867
156873
157062
157064
157067
157069
157070
157072
157075
157076
157078
157079
157080
158812
159447
162073
163635
164455
164825
164825
164825
164825
165395
166941
166941
167006
167128
168501
168503
168503
169395
169638
170231
174720
175200
175200
176566
177285
178806
179104
179695
179732
179732
180056
180103
180103
180506
180931
181307
182971
185094
185923
186822
187084
188492
188762
190448
190450
190459
190557
191126
191133
194439
194938
195221
197502
197674
197802
199622
200785
200921
201211
201222
201606
201654
201963
204082
211188
211197
212046
212259
213152
215938
215943
216669
216736
216763
217250
219381
221059
221214
221309
222541
223238
224317
225540
225810
225811
225835
226094
228445
233810
234441
234483
235357
235522
236799
237869
237869
238867
240784
240786
240795
241175
241318
241627
241789
241789
241789
242401
242426
242788
242827
243580
244005
244721
244940
245490
248057
250169
251992
252797
254065
254065
254082
254097
254327
257360
257548
257942
259567
261453
261460
262003
263257
263632
264390
265113
265124
265150
265893
266475
266479
267371
267772
267773
267945
267948
270969
271168
271497
271877
272358
273147
273207
275690
280093
281497
282260
284439
285922
286210
286342
286800
288215
289398
289451
289659
290416
290441
290506
290513
293127
293128
293128
293276
294659
294746
295643
295695
296243
297518
297700
298176
299612
300286
300302
300721
300727
300727
301687
302172
303305
303310
303487
304425
304707
304928
308698
309265
309372
309985
310729
310729
311409
311413
311606
311606
311639
311874
312078
312257
312848
312965
313440
313552
313611
313619
313839
313867
313987
314223
314230
314367
314560
317269
317352
317480
318283
319269
320994
321490
321513
322136
323781
323781
325695
326498
326704
326971
327234
327423
327576
330734
334730
336185
337927
339411
341028
342380
342918
343336
343455
343800
343822
345712
345771
347485
347485
347686
348100
349199
349330
350232
350382
351451
351451
351460
352012
352436
352761
352772
352774
353165
353272
355136
356396
356463
356463
356536
356761
358493
358865
359075
360256
360313
360686
360688
360692
364283
364391
364491
364511
364582
365051
365886
365888
366407
368773
369076
369367
369371
369381
371478
376424
380408
382358
383714
383714
383714
383931
385553
386245
386312
389419
395792
395919
396192
396730
399220
399220
400597
403807
405404
409141
410175
411397
412459
414191
415146
415267
415657
417454
418339
420125
420441
422179
423352
424790
426191
426200
426202
427677
427769
428433
428591
429767
429799
429864
430621
433036
433151
434133
434780
435429
437178
437339
437343
437344
437345
437346
437347
437379
437380
437381
437382
437385
437386
437389
437416
437417
437419
437421
437422
437423
437425
437566
437568
437576
437581
437582
437588
437591
437593
437595
437613
437745
437995
437997
438000
438001
438140
438142
438143
438144
438148
438150
438160
438315
438317
438319
438321
438324
438325
438326
438327
438372
438415
438416
438417
438420
438437
438438
438440
438543
438544
438545
438546
438548
438550
438551
438552
438553
438618
438626
438629
438632
438636
438641
438647
438649
438653
438770
438771
438772
438773
438782
438783
438785
438786
438787
438789
438791
438792
438793
438795
438796
438797
438798
438799
438800
438802
438804
438805
438806
438807
438808
438809
438810
438812
438813
438814
438815
438816
439517
440284
440643
441388
442596
444338
445499
446728
447054
447084
448688
449839
452220
452426
452680
454075
454075
454859
455148
455149
458218
460430
464989
465395
466791
468305
469622
470933
472082
472157
472574
473906
475861
475863
475893
475894
476684
477734
479442
479456
479456
481103
482360
486219
486300
486921
487310
489040
489372
491522
493345
493488
494423
494750
494817
496099
496485
498789
500392
501402
501965
501983
502616
502617
502620
502628
502639
502666
502763
502766
502944
502970
502976
504271
504406
504406
504406
504406
504406
506319
508086
509772
510149
510177
510366
510930
511521
511528
513162
515812
515859
516466
516466
516502
516832
516870
520809
521811
521870
522268
523237
523768
527224
527576
527708
528602
529047
530387
531606
531624
533009
533615
534437
536047
539109
539513
539969
541982
542001
542007
542014
542027
542033
542073
542108
542109
542219
543486
548039
549078
549703
550567
552234
554672
561818
561831
562023
564943
565127
569017
569915
570345
572422
573731
574062
574062
574291
579353
580163
583035
584310
585594
586722
586722
586722
586722
586829
587218
587663
587976
593746
596145
597584
597813
597859
600556
602454
602956
603924
604573
607048
609044
609237
609241
609243
609244
610162
610516
610725
610729
611219
611219
612241
612251
612436
615096
615097
615217
615830
616507
617374
617876
619087
621410
621487
621537
621946
621956
622099
622218
622232
622360
623882
625372
625420
625439
625462
626218
629097
629145
629389
631904
631904
631905
631928
632114
633834
634159
634470
635224
637025
637742
639143
639246
639252
639294
642134
643526
651486
652185
654937
655065
657789
657797
658152
658747
661515
661547
661578
663874
665446
666554
667936
671723
671825
672542
672882
673403
676710
676857
677171
677435
677436
679434
683306
683600
685611
685877
686323
686547
686753
686756
688834
689554
690468
690495
690754
691637
692545
692922
693424
694005
694381
694750
695103
695818
696108
696295
696798
697205
697879
697970
697982
698012
698019
698752
699342
699391
699442
699812
700242
700278
700567
701182
701698
701900
702227
702244
702244
704395
705083
706063
708708
709494
709504
713094
714259
714260
715230
715280
715543
717815
720058
721369
723627
725014
726351
726371
726882
729409
729598
732329
732541
733111
733386
733418
733795
733797
733799
735020
735370
737121
738942
741619
742496
746779
747855
750332
755073
755281
755470
755516
756983
757033
757151
757972
761942
767668
767673
768076
768083
769556
769627
769767
773482
773487
775952
778661
779494
779498
783897
784288
784288
784288
784695
784934
784935
784937
785360
786947
786966
786966
787284
787772
787887
789378
789920
790678
791095
792276
792984
793009
794473
795040
795107
795185
795428
796603
796706
796792
797320
797337
798694
799086
799840
805481
808601
808680
808708
809108
809732
817072
819524
819688
822572
823748
824901
825177
829560
829867
832054
832191
832995
837013
840854
841072
841728
842279
842716
846093
846209
848367
848904
849455
849661
849935
850168
853168
853168
855564
855575
855600
859780
860853
861200
861952
862006
862253
862296
862485
863807
868408
868705
868729
871726
874776
875747
877913
878048
878442
879528
879643
879643
882536
884341
884341
884437
884513
886751
889256
890559
893491
894360
896697
898065
903878
904139
904139
905092
905114
905535
910368
911694
914796
916021
916030
917244
917249
918636
924776
925223
925531
928045
928348
929098
930059
931332
932191
934983
936852
938286
940728
942436
942604
943817
943888
944332
949627
950563
950668
951456
953425
953845
954691
956672
961299
961585
962000
962355
962781
962887
963689
964301
964350
964783
964786
964790
964938
964945
964947
964949
964953
964954
964992
965003
965004
965007
965011
965024
965025
965027
965029
965034
965036
965039
965040
965043
965079
965082
965086
965884
967668
968125
968125
968125
968125
968680
969742
971046
976494
976802
976802
976802
977454
977972
978538
980417
981980
983480
983961
985533
985533
986403
988511
991133
994475
996922
996922
1002402
1002907
1003727
1004077
1004660
1010360
1010391
1010458
1013189
1015603
1015633
1016074
1019453
1019453
1020793
1021278
1023540
1025071
1025913
1031976
1033547
1035357
1035453
1035611
1036285
1037336
1040045
1040951
1041167
1042808
1045061
1045061
1045081
1045081
1045254
1046394
1050166
1051646
1051652
1051652
1057957
1058051
1058172
1059933
1059995
1061080
1061646
1064750
1065755
1065761
1066300
1066928
1070391
1070402
1073425
1075384
1075838
1078243
1084396
1084628
1086134
1086942
1087869
1087869
1092964
1093844
1095666
1096812
1098183
1099170
1099332
1100784
1100784
1103393
1103594
1107074
1107163
1109563
1110002
1111524
1115482
1115938
1116467
1116500
1116657
1116819
1119166
1121614
1123389
1123389
1124444
1125081
1125142
1135893
1136478
1136524
1139123
1141188
1141759
1145139
1150031
1152128
1154204
1154763
1155468
1156226
1156517
1156517
1158397
1161516
1163505
1164922
1168091
1168946
1169232
1169461
1171417
1173199
1177692
1177730
1178880
1186161
1186184
1189164
1191080
1197032
1197871
1198068
1199637
1205662
1208190
1208861
1209109
1209376
1209518
1209776
1209884
1210221
1210281
1210754
1210817
1211637
1211948
1212271
1212505
1212903
1213023
1213567
1214712
1215799
1216419
1216545
1216825
1216960
1217496
1218655
1218842
1219447
1219974
1220115
1220971
1221880
1222429
1222796
1223022
1223638
1223786
1224304
1224985
1226258
1226281
1229534
1230875
1232664
1234274
1243360
1244066
1244187
1244680
1244762
1245682
1245683
1247520
1247753
1248869
1249508
1254657
1255230
1255385
1256069
1256427
1256621
1257248
1257250
1257251
1257252
1257257
1257258
1257270
1257271
1257273
1257274
1257275
1257280
1257281
1257284
1257288
1257290
1257294
1257962
1258160
1258372
1258373
1268192
1268327
1268338
1268360
1270525
1270535
1270571
1270589
1270597
1270606
1270616
1270624
1270795
1270849
1270876
1270880
1270893
1270992
1271106
1271121
1271125
1271127
1271129
1271135
1271140
1271143
1271154
1271177
1271196
1272493
1273246
1273275
1273443
1273448
1273459
1273475
1273506
1273539
1274565
1275052
1275421
1275422
1276387
1276567
1276568
1276590
1277479
1277765
1279189
1279436
1279441
1279444
1279448
1279454
1279580
1279667
1280818
