24
36
66
156
185
228
245
279
307
339
339
412
439
492
503
510
556
600
609
649
649
703
719
747
810
816
835
847
1840
2006
2319
2319
2319
2319
2337
2337
2337
2337
2439
2468
2520
2520
2531
2531
2531
2531
2540
2553
2573
2574
2576
2602
2602
2604
2604
2697
2698
2705
2727
2789
2908
2909
2921
3330
3330
3374
3450
3583
3730
3775
3778
3964
3966
4091
4161
4188
4470
4490
4907
4909
4955
4965
5168
5200
5200
5200
5202
5204
5236
5375
5385
5489
5529
5646
5659
5905
5975
6134
6155
6183
6186
6237
6243
6248
6251
6252
6271
6274
6312
6312
6323
6331
6384
6439
6443
6459
6468
6470
6470
6533
6533
6533
6536
6537
6538
6538
6583
6583
6587
6587
6587
6598
6609
6609
6622
6639
6641
6931
6931
7011
7207
7552
7599
7599
7599
7599
7599
7625
7753
7753
7753
7781
7781
7805
7906
7915
7953
7953
8169
8204
8361
8361
8384
8384
8541
8650
8650
8784
9016
9221
9545
9636
9711
9862
9868
9868
9868
9876
9934
9959
10089
10089
10165
10202
10338
11017
11017
11018
11018
11018
11020
11124
11125
11126
11127
11128
11129
11131
11133
11134
11136
11137
11138
11139
11140
11141
11142
11144
11146
11148
11149
11150
11152
11159
11972
11972
11973
11973
11974
11974
11974
11988
12145
12145
12151
12151
12256
12308
12308
12308
12359
12369
12469
12473
12476
12476
12599
12648
12760
12963
12974
13033
13275
13367
13398
13400
13418
13549
13567
13572
13574
13680
13680
13779
13866
13873
13940
13987
14099
14206
14277
14377
14661
14739
14763
14868
15697
15698
15698
15698
15737
15795
15873
15944
15950
19828
19842
19890
20022
20789
20893
21804
21937
22726
22727
22754
23142
23490
23490
26517
26809
27550
27978
27978
28078
28078
28256
28256
28271
28723
28744
28855
29480
29796
29796
29796
29858
29869
30090
30179
30393
30603
30808
30808
31127
31227
31245
31262
31577
31594
31685
31707
31873
32134
32217
32263
32263
32298
32355
32365
32366
32576
32596
32597
32727
32736
32736
32736
32773
32821
33047
33097
33177
33315
33325
33467
33471
33686
33686
33720
33787
33787
33818
33819
33823
33826
33826
33828
33828
33830
33930
33973
34137
34332
34332
34838
34902
35103
35178
35182
35187
35251
35334
35409
35411
35464
35465
35467
35470
35772
35960
35960
36042
36062
36070
37791
37791
37804
37864
38027
38150
38150
38175
38175
38240
38326
38479
38487
38491
38492
38493
38494
38495
38497
38546
38554
38636
38717
38771
38778
38931
39112
39642
40018
40025
40165
40177
40181
40181
40181
40241
40241
40241
40660
40660
40660
40660
40660
40687
40789
40789
40865
40868
40869
40886
40985
41275
41291
41291
41331
41560
41572
41572
41870
41870
41879
41889
42017
42020
42020
42020
42033
42033
42033
42100
42100
42123
42172
42288
42418
42418
42684
42934
43113
43132
43139
43203
43203
43408
43545
43602
43602
43712
43714
43737
43834
43894
44088
44200
44200
44313
44315
44315
44315
44315
44465
44481
44665
44863
44871
44871
44929
45013
45033
45220
45220
45830
45921
45945
45950
46073
46193
46193
46198
46478
46519
46523
46604
46691
46695
46989
47112
47320
47579
47681
47746
47754
47827
47838
47838
47847
48080
48108
48108
48108
48108
48108
48108
48139
48676
48678
48678
48687
48699
48700
48841
48875
49483
49499
49500
49500
49544
49546
50048
50048
50048
50201
50201
50201
50201
50201
50287
50324
50325
50326
50326
50329
50433
50599
50612
50622
50623
50625
50627
50688
50688
50688
50690
50719
50902
50903
50903
50968
50972
51086
51136
51214
51220
51250
51403
51406
51414
51416
51419
51423
51427
51428
51436
51437
51437
51437
51439
51523
51526
51528
51636
51667
51726
51839
51858
51887
51972
52004
52062
52062
52062
52062
53472
53643
53736
54123
54167
54167
54167
54168
54197
54198
54266
54276
54276
54286
54439
54553
54556
54557
54557
54561
54561
54795
54800
54805
54805
55174
55263
55699
56421
56807
56977
57230
57242
57279
57365
57380
57436
57488
57571
58742
58776
60348
60453
60840
60846
60980
61090
61240
61272
61272
61304
61306
61309
61324
61324
61386
61558
61560
61563
62036
62395
62443
62877
63049
63618
63781
63781
63781
63781
63927
63929
63929
64152
64154
64344
64562
64562
64817
64865
64954
65110
65134
65134
65134
65472
65575
65667
65735
65791
65982
66138
66184
66266
66320
66320
66325
66385
66445
66450
66859
66992
67078
67078
67078
67128
67128
67129
67151
67274
67274
67399
67496
67715
67724
67777
67869
67887
67900
67920
67920
68393
68438
68528
68549
68549
68578
68578
68578
68593
68717
68717
68994
69113
69123
69253
69305
69378
69532
69620
69811
69833
69863
69907
69954
70098
70099
70234
70286
70377
70377
70384
70384
70432
70454
70476
70476
70565
71186
71297
71419
71457
71531
71591
71595
71665
71941
72019
72030
72049
72550
72702
72809
72858
72859
72860
72916
73011
73195
73253
73279
73384
73388
73415
73608
73956
73956
74083
74413
74413
74413
74413
74437
74437
74437
74488
74488
74488
74503
74574
74574
74754
74852
75055
75292
75292
75293
75293
75663
75754
75788
75788
75900
75901
76189
76213
76216
76371
76372
76652
76706
76844
77101
77205
77345
77349
77504
77542
77678
77759
78511
78674
78674
78674
78769
78769
78807
79257
79433
79433
79510
79510
79557
80481
80631
80894
81207
81327
81371
81371
81426
81426
81426
81722
81724
81843
81875
81911
81924
81924
81925
82121
82405
82518
82593
82908
82984
83395
83711
84330
84488
84488
85024
85025
85213
85691
85756
85788
85790
85885
85964
86000
86103
86119
86195
86253
86263
86272
86300
86311
86332
86362
86365
86367
86370
86393
86484
86486
86528
86638
86638
86709
86715
86719
86764
86765
86767
86789
86818
86820
86830
86908
86908
86916
86918
86918
86918
87008
87028
87039
87484
87495
87516
87608
87886
88221
88221
88350
88350
88350
88381
88390
88390
88390
88657
88968
88972
89604
89866
90023
90186
90233
90233
90251
90443
90509
90625
90859
91076
91107
91568
91570
91571
91679
91680
91698
91721
91749
91750
91900
91905
91908
91932
91953
91964
92068
92085
92086
92094
92094
92138
92138
92295
92297
92303
92304
92306
92309
92315
92339
92351
92368
92370
92376
92378
92439
92444
92446
92447
92464
92724
92926
93001
93001
93074
93094
93122
93180
93231
93303
93352
93578
93714
93718
93761
93799
93845
93846
93846
93911
94039
94039
94039
94089
94238
94301
95112
95507
95539
95647
95845
95880
95892
95946
96032
96033
96037
96037
96462
96468
96696
96820
97634
98461
98591
98597
98700
98701
98702
98703
99628
99632
99767
100212
100241
100315
100332
100587
100617
100617
100617
100751
101133
101144
101159
101165
101168
101173
101421
101422
101423
101433
101435
101436
101516
101809
101877
101909
102094
102396
102414
102441
102693
102705
102780
102953
102953
102953
103094
103094
103094
103101
103177
103182
103361
103382
103564
103564
103649
103708
103884
103891
104292
104904
105110
105110
105334
105855
105855
105934
106018
106021
106021
106021
106021
106021
106021
106191
106239
106318
106497
106625
106626
106737
106784
106875
107154
107275
107352
107426
107428
107504
107585
107986
108467
108513
108568
108684
108759
108875
109299
109392
109565
109579
109697
110057
110057
110226
110493
110643
110722
110727
110727
110730
110752
110785
110799
110958
111026
111114
111204
111611
111613
111616
111723
111723
111816
111816
111875
111924
111935
111936
111987
112016
112024
112024
112185
112239
112348
112366
112394
112504
112622
112713
112882
113054
113111
113122
113244
113280
113704
113804
113925
113974
113997
114232
114240
114244
114269
114373
114846
114974
115251
115803
115807
115807
115861
115928
116125
116127
116133
116205
116367
116367
116536
116970
116992
117060
117152
117213
117215
117618
117634
117637
117677
117678
117682
117696
117697
117873
117997
118219
118321
118609
118707
118786
118851
118851
118918
118918
118930
119237
119315
119317
119357
119766
119821
119874
119920
120006
120007
120040
120170
120322
120542
120577
120663
120664
120706
120773
120774
120867
120914
120938
121472
121473
121561
121663
121698
122369
122370
122370
122371
122373
122373
122510
123252
123353
123353
123353
123552
123620
123620
123631
123708
123770
123960
123999
124001
124001
124004
124124
124134
124234
124364
125025
125025
125037
125369
125580
125635
125652
125801
125858
126257
126374
126874
127031
127941
128435
128808
129091
129138
129394
129759
129930
129930
129940
130073
130219
130964
131130
131144
131168
131302
131302
131572
131642
132048
132153
132154
132249
132726
132946
132946
133204
133205
133212
133213
133345
133346
133388
133389
133390
133844
133845
134026
134229
134229
134876
135386
135687
135754
135844
136325
136480
136537
136653
136786
136831
136878
136990
136993
137017
137046
137428
137447
137458
137480
137480
137480
137622
137624
137681
138316
138443
138737
138933
139229
139399
139399
140296
140296
140831
141063
141399
141981
142309
142328
142339
142698
142903
143115
143278
143287
143355
143795
143972
144281
144641
144641
144741
144900
144974
145120
145317
145317
145356
145402
145402
145725
145744
145876
146005
146155
146443
146823
147234
147586
147723
148167
148805
149637
149756
149824
149919
149981
150110
150835
151091
151128
151149
151149
151825
152138
152409
152723
152739
152844
153556
153558
153560
153754
153786
153786
153790
153989
154000
154467
154609
154677
154692
154694
154803
154942
155088
155159
155217
155224
155526
155577
155591
155666
155758
155770
155798
155987
156077
156129
156471
156492
156829
156831
156835
156908
156978
156990
157120
157195
157249
157383
157402
157671
157891
157987
157987
157987
158218
158228
158641
158641
158662
158664
158664
158771
159649
160102
160105
160233
160302
160557
160625
160627
160641
161144
161951
162153
162472
162545
162754
162757
162757
162757
163067
163121
163121
163121
163698
163750
163794
163794
163815
164015
164095
164151
164189
164287
164455
164902
164994
165332
165394
165394
165478
165579
165761
166032
166176
166574
166613
166699
166805
166860
166972
167190
167190
167192
167192
167200
167319
167619
167632
167642
168074
168074
168074
168074
168370
168521
168526
168773
169006
169016
169016
169147
169398
169496
169762
169880
169972
170210
170416
170635
170917
170943
171122
171204
171255
171424
171424
171530
171734
171737
172013
172382
173016
173042
173042
173121
173435
173435
174010
174348
174464
174464
174476
176405
176680
176780
176790
176819
176836
176840
176840
176840
176899
177002
177220
177324
177692
177998
178157
178270
178505
178642
178646
178927
178928
179180
179213
179213
179378
179400
179508
179530
179530
179683
179702
179741
179942
180220
180494
180506
180687
180889
180900
180925
181056
181057
181890
181892
181892
182371
182375
182515
183051
183281
183385
183411
183440
183490
183490
183494
185075
185118
185277
185316
185376
185376
185455
185981
186300
186300
186349
186693
186715
186756
187225
187509
187913
188102
188233
188239
188239
188239
188280
188806
189023
189093
189157
189169
189315
189640
189756
189856
189871
189894
190087
190187
190670
190683
191106
191468
192417
193084
193370
193494
194072
194132
194786
194786
195096
195116
195117
195174
195188
195216
195322
195323
195324
195528
195667
197337
197341
197353
197512
197665
198952
199458
199690
199728
200198
200519
200772
200927
200927
201000
201193
201222
201401
201897
202346
202918
202975
203572
203574
203722
203733
204152
204152
205237
205415
205774
205953
206032
206047
206216
206556
206668
206948
207201
207264
207442
207448
208268
208330
208427
208680
208858
208911
209855
209914
210290
210860
210860
210860
211123
211226
211792
211978
212717
213162
213197
213840
214442
214457
214482
214547
214604
214645
215018
215702
215725
215857
215867
215962
216123
216226
216237
216466
216738
216829
217481
218142
218554
219683
219880
219933
220128
220322
220322
220347
220828
220828
220828
220840
221035
221347
221634
221634
221767
222427
222505
222509
222521
222522
222531
222539
222539
222567
222572
222593
222593
222596
222639
222727
222946
222946
223283
223792
223922
224476
224505
224638
224793
224852
224854
224964
225013
225062
225310
225310
225350
225355
225364
225369
225381
225384
225400
225400
225404
225411
225414
225414
225427
225427
225431
225431
225502
225542
225958
226094
226103
226440
226610
226817
226817
227124
227229
227238
227261
227280
227459
227459
227706
227783
227846
227847
228166
228369
228706
229070
229085
229085
229088
229088
229088
229088
229088
229088
229161
229163
229163
229163
229165
229250
229300
229424
229638
229806
229880
230206
230369
230407
230530
230597
230912
230959
230972
231212
231212
231213
231216
231216
231216
231635
231899
231899
231899
232034
232035
232115
232220
232324
232328
232328
232328
232328
232328
232342
232785
233127
233735
233990
234201
234417
234578
234681
234994
234998
235001
235689
235806
235861
235861
235951
236011
236039
236096
236500
236947
237531
237544
237997
238190
238512
238560
239038
239120
239136
239379
239653
239678
239678
239791
239913
240324
240324
240324
240515
240690
240695
240751
240757
240772
241039
241286
241359
241678
241735
241741
241742
241782
241866
241920
241929
241933
241936
241936
241939
241939
242094
242095
242303
242307
242309
242309
242309
242350
242350
242372
242911
242917
242918
243068
243154
243155
243156
243158
243160
243161
243162
243163
243164
243264
243408
243408
243492
244027
244027
244520
244520
244541
244570
244654
244706
244845
244958
245085
245086
245087
245090
245092
245095
245096
245097
245098
245103
245105
245111
245112
245113
245114
245132
245132
245338
245367
245569
245633
245802
245818
245852
245852
245855
246016
246119
246119
246119
246859
246949
247075
247290
247461
247528
247635
247635
247635
247806
247876
247918
248690
248694
248772
249653
249735
249736
250127
250149
250149
250155
250199
250199
250235
250236
250654
250737
251162
251164
251627
251751
252018
252048
252527
253211
253344
253803
253822
253825
254264
254266
254326
254505
254612
254674
254866
254866
254898
254929
254929
255353
255678
255682
255706
255795
256113
256119
256570
256914
257259
257594
257725
258151
258426
258633
258766
258913
259079
259089
259209
259349
259616
259689
259787
259892
259990
259994
259997
260264
260264
260715
260750
260750
260754
260754
260754
260755
260755
260757
260757
260764
260766
260774
260774
260774
260776
260776
260779
260783
260787
260787
260787
260823
260823
260867
260875
260875
260911
260911
260953
260953
260953
260954
261038
261044
261044
261044
261044
261046
261064
261066
261068
261068
261069
261077
261090
261091
261091
261093
261148
261150
261151
261151
261250
261286
261386
261405
261424
261428
261430
261433
261444
261445
261490
261490
261599
261599
261599
261599
261602
261602
261602
261602
261602
261621
261791
261898
261899
261900
261904
261905
261906
261907
261908
261908
261908
261908
261909
261970
262036
262063
262170
262662
262667
262828
262829
262864
262864
262864
262864
262886
262992
262993
263016
263022
263051
263173
263173
263173
263187
263201
263221
263235
263237
263241
263242
263242
263262
263262
263264
263286
263296
263302
263333
263382
263476
263486
263486
263529
263532
263669
263699
263807
263928
263931
263976
264003
264050
264280
264344
264345
264351
264356
264385
264385
264388
264420
264420
264504
264566
264667
264676
264682
264872
264872
264872
264886
264888
265128
265129
265184
265189
265215
265243
265243
265272
265275
265278
265278
265303
265319
265339
265343
265363
265433
265488
265664
265669
265679
265757
265808
265965
266104
266142
266142
266144
266144
266161
266178
266194
266198
266199
266199
266202
266204
266209
266219
266237
266242
266336
266519
266543
266543
266548
266548
266548
266553
266556
266558
266559
266564
266564
266564
266564
266564
266585
266652
266653
266655
266656
267020
267021
267021
267025
267026
267054
267054
267068
267070
267078
267111
267378
267380
267387
267389
267390
267413
267414
267445
267445
267465
267488
267582
267587
267660
267705
268038
268038
268038
268065
268144
268187
268345
268379
268383
268567
268964
269086
269545
269638
269894
270399
270530
270625
270630
270673
270675
270708
271184
271188
271533
271536
271691
271691
271850
271977
271979
271979
272124
272412
272574
272623
272626
272630
272630
272707
272785
272785
272785
272785
272785
272997
273240
273352
273491
273670
273672
273673
273732
273960
273960
273991
274012
274019
274019
274274
274627
275120
275121
275121
275157
275159
275165
275256
275449
275581
275675
275675
275689
275689
275689
275689
275769
275998
276161
276161
276184
276214
276232
276288
276288
276288
276322
276364
276528
276528
276535
276581
276581
276602
276982
277092
277426
277795
277797
277800
277805
277817
277830
277884
277885
278438
278720
278901
279130
279156
279528
279547
279558
279624
279655
279658
280062
280078
280188
280189
280427
280499
280550
280736
280745
280916
280916
281024
281024
281187
281469
281513
281524
281693
281694
282060
282060
282306
282391
282595
282595
282606
282609
282609
282613
282643
282651
282654
282664
282664
282664
282664
282667
282906
282912
282912
282914
283458
283466
283470
284186
285720
285796
285947
285987
285987
285987
285994
286159
286200
286230
286574
286792
286820
286820
287325
287750
287863
288027
288067
288068
288188
288188
288585
288618
288669
288672
288672
288676
288717
288777
288793
288909
288909
288909
288909
288909
288933
288956
289273
289277
290262
290262
290391
290435
290459
290586
290638
290641
290732
290748
290751
290775
290843
290939
290994
290994
290997
290999
290999
291127
291238
291247
291335
291510
291519
291530
291563
291688
291688
291688
291688
291688
292226
292382
292646
292646
292837
292877
292941
293167
293253
293282
293587
293612
293612
293933
294259
294369
294663
294922
294964
295111
295180
295245
295304
295304
295450
295549
295591
295594
295635
295812
295939
296132
296176
296196
296201
296242
296975
296986
297000
297025
297060
297070
297074
297580
297645
297737
297739
297747
298095
298095
298095
298095
298095
298115
298117
298117
298124
298148
298351
298375
298375
298465
298815
298835
298835
299175
299175
299182
299188
299291
299612
299986
299986
300060
300772
300792
300896
300898
300959
301229
301728
301728
301728
302268
302375
302412
302412
303045
304204
304228
304601
304820
304850
304903
304906
305015
305251
305462
305680
305817
305822
305828
305838
305901
305922
305922
306002
306059
306190
306395
306458
306625
306645
306655
306656
306659
306660
306668
306677
306689
306718
306719
306925
306935
306936
306948
307052
307076
307088
307131
307138
307140
307146
307150
307157
307160
307180
307191
307193
307194
307197
307200
307202
307212
307218
307224
307225
307298
307419
307512
307599
307599
307750
307754
307762
307762
307765
307770
307770
307782
307866
307866
307866
307866
307878
308165
308254
309177
309181
309186
309195
309978
309983
309985
310317
310328
310772
310892
311331
311748
311748
311860
312080
312108
312440
312471
312471
312541
312788
312840
312877
312966
312966
312970
312970
312973
312973
313012
313012
313159
313159
313213
313213
313219
313219
313274
313330
313431
313455
313455
313460
313460
313460
313603
313831
313978
313978
314124
314360
314365
314395
314408
314423
314507
314596
314596
314654
314666
314690
314692
314720
314720
314721
314722
314728
314728
314728
314760
314764
314912
315206
315357
315686
315957
315957
316115
316326
316628
316629
316742
317326
317327
317333
317878
317999
318003
318057
318063
318095
318709
318991
318991
319138
319215
319274
319279
319392
319395
319455
319455
319472
319609
319660
319723
319771
319773
319777
319789
319804
319806
319807
319809
319825
319827
320155
320156
320157
320158
320160
320163
320175
320178
320179
320180
320181
320447
320591
321085
321554
321568
321691
321771
321862
321924
322217
322220
322220
322303
322347
322389
322607
322642
322780
322867
323059
323227
323282
323312
323447
323962
323966
324499
324499
324499
324503
324503
324510
324510
324510
324516
325268
325331
325471
325471
325475
325475
325580
325882
326168
326267
326301
326373
326828
326872
326872
327168
327168
327250
327306
327314
327670
327794
327812
328096
328533
328536
328536
328930
328939
328943
328983
329381
329682
329694
329736
329736
329737
329800
329800
329800
329803
329804
329805
329806
329810
329813
330018
330070
330070
330074
330214
330795
330795
330800
331206
331437
331835
331865
332076
332076
332083
332085
332416
332419
332425
332631
332755
332824
332858
333035
333853
334730
335082
335188
335189
335191
335193
335198
335241
335321
335336
335601
336538
336540
336667
336673
336697
337672
337698
337841
338125
338414
338787
338905
339110
339839
341274
341294
341536
341567
341755
341824
342015
342015
343083
343158
343158
343477
343511
344717
344726
344726
344810
345208
345221
345221
345784
345925
346078
346725
346764
347562
347680
348214
349019
349047
349239
349239
349313
350953
351138
351171
351373
352142
352627
352628
352633
352732
353300
353308
353325
353438
353486
353593
354827
354837
354988
354993
355001
355095
355095
355140
355459
355460
355856
355856
355903
355903
355936
356113
356198
356198
356201
356376
356454
356619
356665
356954
357292
357374
357731
357743
358125
358552
359155
359159
359791
360072
360634
360717
361116
361167
361793
361799
361835
361836
361925
362183
362259
362263
362510
362510
362511
362511
362542
362791
363220
363444
363466
363597
363617
363617
363643
363643
363654
363850
364672
364692
364727
364733
364740
364740
364752
364806
364806
364845
365364
365426
365431
365980
365982
365984
366709
366907
367568
368482
368715
368867
368932
369504
369505
369508
369513
369524
369525
369784
369789
369789
369934
369935
370027
370062
370066
370067
370101
370120
370601
370603
370605
370621
370766
370942
370949
371025
371025
371025
371542
371748
372041
372605
372673
372673
372673
372915
373149
373559
373611
373746
373815
374387
374548
374565
375053
375123
375249
375636
377778
378177
379630
379665
380181
380181
380397
380475
382396
382396
382396
382984
383243
383334
383344
383711
383748
383838
383838
383838
384458
384464
385419
385497
385718
385726
385726
385726
385726
385726
385730
385730
385734
385734
385849
386002
386002
386002
386002
386005
386005
386025
386048
386116
386467
386470
386472
386475
386475
386602
386780
386780
386821
386942
386942
386954
387087
387190
387269
387328
387523
387649
387881
387881
387999
388000
388013
388013
388050
388058
388566
388616
389165
389968
389979
390066
390964
391137
391548
391708
391712
391921
391925
391989
392011
392082
392313
392767
392767
393005
393088
393110
393343
393776
393783
394792
394811
394871
395078
395083
395113
395114
395116
395117
395125
395127
395128
395134
395144
395154
395157
395164
395164
395171
395174
395197
395235
395249
395251
395270
395283
395292
395312
395317
395324
395327
395331
395336
395340
395344
395345
395347
395349
395352
395358
395362
395366
395378
395384
395784
395983
395999
396004
396028
396189
396261
396261
396262
396264
396605
396714
396870
397179
397179
397179
397179
397179
397179
397179
397247
397422
397674
397682
397693
397693
397699
398917
399201
399228
399230
399231
399244
399284
399320
399339
399401
399580
399589
400776
400776
400848
401820
403738
404863
405077
405172
405453
405557
405673
405679
405682
405696
405724
405724
405737
405737
405747
405749
405839
405939
405946
405958
406349
406477
406607
407076
407378
408425
408443
409037
409348
410028
410322
410595
411077
411163
411274
411539
411577
411605
411605
411968
412074
412131
412189
412534
412879
413228
413267
413267
413276
413276
413860
413895
414143
414410
414410
414541
414541
414773
415174
415299
416230
416230
416448
416517
416517
416749
417107
417346
417362
417531
417549
418314
418395
418439
419206
419245
419323
419454
419718
420005
420913
421396
421408
421427
421710
422250
422513
422626
422673
422839
422849
422929
423009
423186
423197
423224
423224
423234
423234
423294
423300
423329
423338
423338
423351
423351
423353
423896
423981
424088
424088
424088
424143
424143
424143
424163
424193
424193
424224
424279
424519
424529
424588
424638
424737
424764
424826
424884
424967
424967
425064
425090
425337
425434
425441
425442
425442
425448
425486
425507
425540
425540
425540
425540
425558
425558
425558
425562
425562
425562
425565
425570
425708
425835
426195
426204
426206
426206
426209
426210
426215
426814
426968
426968
427321
427321
427739
427739
427818
428072
428079
428092
428094
428099
428444
428551
428683
429020
429421
429495
429495
429687
429842
429842
429842
429870
429941
430068
430125
430250
430265
430269
430591
431001
431141
431151
431336
431510
431708
431806
432137
432498
432825
433299
433696
434843
434867
434867
435908
435980
436014
436295
437023
437128
437749
438698
438713
438832
439429
440343
440776
441389
441745
441746
441746
441746
443272
443588
444088
444392
444392
444487
444502
445307
445399
445560
445591
445591
446960
447074
447369
447485
447530
447635
447706
447882
448815
449326
449427
450692
450835
450841
450919
451260
451544
451550
452217
452927
453004
453101
453458
454227
454816
454893
456403
456403
456403
456558
457073
457830
458333
458459
458459
460320
460320
460320
460922
460926
461867
461867
461867
461867
462035
462035
462260
462260
462941
463143
463547
463560
463560
463562
463562
463563
463563
463566
463692
463999
463999
465145
465598
465702
466055
466055
466058
466058
466250
466250
466356
466735
466735
466735
466783
467006
467023
468947
468954
468954
468954
468980
469032
469032
469032
469069
469069
469069
469069
469092
469092
469092
469127
469264
469391
469395
469522
469522
470028
470751
472505
472505
472505
472629
474642
474692
474735
474938
475416
475416
475416
475422
475813
475861
475863
476272
476707
476736
476946
477071
477161
477635
478065
478549
478670
478827
479678
480119
481435
481435
481435
481896
483330
483869
484014
484014
486237
486237
486379
486403
486419
486504
486558
487106
487310
488433
488959
489306
489596
490432
490510
490546
490678
491063
491384
491384
491384
491771
492604
493573
495444
495571
495926
496691
498225
498823
499634
500397
500592
500592
500753
501112
502093
502426
502535
502564
502611
503141
504753
506878
508702
508810
509399
509399
509399
509997
509997
510345
510347
510947
511322
511792
511792
512622
512669
512819
514208
514336
514570
515073
515075
515922
516519
516669
517423
517509
518721
518880
518894
519442
519442
519442
519658
519843
519843
519843
520168
520168
520168
520243
521395
521465
521728
522244
523258
523406
523544
523628
523746
523827
523863
524464
524550
525003
525376
525474
525588
525815
526022
526028
526638
527148
527148
527148
527148
527496
528414
528414
528834
528834
529322
529378
529378
529743
529836
530058
530058
530058
530941
531664
536598
536598
536598
536869
536869
537786
538460
538460
538934
539015
539253
540956
540957
541669
542180
542180
542180
542446
542867
542867
542867
544011
545990
546371
546722
547186
547233
547601
548357
548598
549036
549036
549494
549661
549740
549750
550170
550236
550452
550452
550452
550591
550639
550812
550827
550869
551107
551157
551168
551172
551816
552125
552162
553119
554642
554697
554700
554744
555689
556112
556954
556954
556954
557184
557408
557409
557415
558177
559617
559755
559782
559782
559834
560859
560911
560911
561199
561209
561379
561556
562007
562691
562730
562730
563128
563290
563433
563921
563935
563961
563961
563966
563966
563968
564265
564319
564473
564575
564806
564842
564850
564855
564859
564918
564918
564945
564947
564974
564974
565003
565003
565037
565037
565073
565230
565287
565402
565402
565402
565407
565407
565407
565755
565762
565815
565815
565815
566441
566961
566961
567465
567488
567541
567814
567828
567834
567835
567838
567838
567840
568056
568056
568065
568065
568065
568168
568604
569349
569721
570402
570777
570836
571035
571352
571469
571584
571893
571970
571976
572549
572581
573206
573206
573229
573229
573359
573359
573361
573412
573412
573492
573511
573511
573513
573533
573544
573544
573558
573558
573683
573686
573686
573686
573686
573688
573688
573688
574332
574723
574877
574877
575440
575631
576401
576414
576566
576566
576569
576569
576647
576753
577299
578533
579070
579070
579303
579327
579446
580093
580093
580102
580547
580668
581448
581452
581581
581590
582470
582949
582949
582970
582978
582985
583018
583021
583669
583763
583763
583768
583768
583769
583769
583781
583781
583782
583782
583783
583783
583784
583784
584585
584819
585138
585582
585615
585629
585638
585838
586054
586054
586056
586056
586056
586059
586059
586060
586061
586061
586062
586062
586064
586064
586064
586071
586073
586073
586077
586077
586080
586087
586090
586090
586093
586097
586097
586099
586099
586100
586100
586133
586133
586136
586136
586147
586147
586151
586151
586152
586152
586159
586159
586256
586257
586489
587308
587505
587612
587786
588233
589438
589665
590947
593230
593230
593260
593762
593921
595783
595834
595842
596683
598684
598684
599738
599902
600222
600222
600222
600228
600228
600228
600228
600336
600336
600336
600345
600345
600345
600345
600360
600360
600360
600360
600360
600436
600849
600903
600903
601653
601653
601657
601775
601775
601985
602685
602686
602725
602725
602737
602770
602806
602892
603135
603181
603221
603256
603256
603267
603267
604884
604887
604887
604898
604898
604898
606559
606559
606837
607258
607266
607286
607296
607303
607314
607318
607318
607431
608301
608328
608329
608468
608719
610528
610590
610590
610729
611756
611961
612542
612989
612989
613027
613964
614277
614436
614940
615160
615160
615225
615552
615577
615631
615662
616755
616768
618913
619181
619215
619417
619692
619726
620149
620184
620475
620834
620839
620839
621291
621852
622261
622369
622531
623396
624498
626358
626358
626358
626362
626367
626367
626367
626372
626381
626392
626944
626948
626956
626958
628539
628820
628837
629156
629655
629691
630105
630105
630159
630210
630210
630614
630820
630824
630825
631187
631187
631187
631198
631198
631809
632349
632729
632834
632834
632927
633017
633065
633383
633473
633901
633915
634044
634327
634382
634400
634454
634454
634454
634487
634810
635336
635399
635399
635399
635442
635446
635530
635530
635537
635571
635571
636016
636588
636985
637326
637439
637439
637503
637503
637518
637709
638070
638291
638299
638372
638543
638869
638888
639078
639212
639219
639416
639463
639750
639810
639891
640111
640166
640170
640190
640210
640226
640235
640248
640255
640259
640262
640268
640273
640274
640274
640275
640278
640280
640281
640283
640286
640286
640289
640290
640293
640293
640308
640309
641203
641615
641856
642125
642707
643167
643167
643178
643180
643389
643389
643392
643392
643757
643887
643887
643948
644188
644468
644657
644786
645073
645212
645247
646343
646455
646515
646530
646556
646564
646592
646629
646732
646732
646745
646745
646745
646755
647168
647210
647210
647508
647508
647820
647960
647994
648582
648806
648810
648932
649184
649196
649197
649294
649308
649432
649432
649434
649434
649458
649574
649574
650005
651108
651195
651244
651489
651748
651748
651925
652182
652182
652182
652528
652530
652535
652565
652679
652711
652964
653182
653603
653712
653821
653821
653822
653822
654425
654429
654434
654453
654458
654458
654458
654470
654470
654470
654484
654490
654494
654501
654504
654507
654510
654513
654636
654636
654650
654708
654723
654735
654755
655360
655697
655697
655697
655838
656217
656217
656244
656244
656244
656246
656246
656333
657300
657784
657819
657989
658107
658107
658128
658196
658248
658383
658387
658387
658730
658863
658954
658955
658955
659036
659434
659434
659506
659667
661271
661607
661610
661610
661623
662259
662585
662608
662636
663499
664156
664156
664156
664288
664904
664904
664910
664910
664946
665073
667204
667249
667249
667725
668048
668358
669642
670146
670361
670911
670918
670918
671480
671573
671702
671933
673016
673161
673161
673161
673404
674088
674712
674819
674839
674841
674843
675013
675099
675308
675832
675854
676206
676247
676680
676684
676864
677047
677370
677416
677695
678407
678502
678642
679230
680038
680271
680279
680423
681334
682033
682033
684030
684809
684849
685507
686727
686940
687372
688041
688045
688045
688045
688045
688386
688845
689351
689677
689689
689696
690003
690041
690048
690332
690341
690370
690377
690377
690495
690582
690613
690613
690688
690688
690700
690700
690717
690717
690722
691286
691313
693136
693232
693486
693486
693519
694037
695184
695216
695841
695918
697874
697878
697883
698404
698404
698419
698446
698571
698976
699054
699383
699383
699409
699423
699491
699522
699534
699543
699555
699874
700483
700494
700643
701188
701190
701194
701198
701683
703271
703430
704278
706095
706095
706095
706423
706549
706885
706909
706923
707045
707457
708868
708868
708879
708988
709144
710986
711447
711788
712082
712082
712549
712551
712554
713236
713286
713332
713558
713638
713813
714154
714154
714154
714154
714154
714508
714795
715704
715704
715728
715991
716053
716625
717138
717212
717746
717746
717752
717806
717826
717836
717845
717852
717861
717861
717892
717932
717936
717959
717961
717965
717969
717970
717972
717974
718226
718226
718788
718805
718805
718805
718986
719011
719069
719128
719141
719323
719388
720121
720379
720382
720522
720522
720800
720818
720828
720828
720839
720910
720917
721149
721149
721224
722340
722884
722915
722968
722975
722976
723722
724195
724237
724291
724291
724305
724325
724349
724416
724784
724835
725001
725001
725006
725006
725967
725969
725969
725969
725969
726152
726179
726207
726267
726313
726351
726457
726464
726470
726471
726471
726545
726545
726808
726862
726867
726867
726952
726956
726964
726987
727104
727107
727438
727438
727799
727847
727873
727903
727905
727913
728093
728191
728202
728203
728543
728593
728721
728721
728721
728919
728979
728980
728981
728982
729190
729314
729440
729447
729478
729500
729504
729713
729719
730150
730165
730167
730167
730178
730190
730196
730196
730205
730241
730248
730288
730297
730311
730652
730902
730902
731110
731119
731293
731320
731320
731364
731386
731399
731411
731411
731416
731479
731585
732171
732171
732870
732930
733079
733355
733448
733452
733619
733998
735312
735426
735442
735446
735455
735461
735469
735479
735483
735515
736037
736059
736083
736139
736148
736269
736366
736403
736403
736601
736648
736954
736984
736984
737001
737056
737094
737094
737230
737235
737240
737967
737991
738543
738948
739235
739485
740243
740823
741055
741442
741446
741447
741447
741572
741690
741690
741797
741861
741868
741868
741875
741875
742460
742504
742610
743239
743777
744439
744705
745216
746193
746411
748572
749340
749376
749549
749764
749805
749805
750256
750372
750446
751027
751323
751750
751852
752357
753433
753463
754955
755611
755623
756617
756880
756983
757086
757086
757521
758071
758071
759070
759085
759981
760668
760777
760945
761259
761262
761550
761563
762215
762279
762582
763243
763665
764709
764788
764877
765234
765358
766050
766057
768084
768436
768906
769174
769268
769845
769956
771137
771893
771899
773214
773321
773334
773377
774261
775480
775619
775914
777464
777930
778174
778174
778419
778419
778419
778423
778427
778454
778490
778490
778490
778495
778542
778551
778713
779139
779426
779426
779426
779426
779440
779440
779440
779443
780398
780424
783571
783603
785148
785169
786913
787570
787700
788118
788119
788434
788987
789362
789626
789627
790374
790725
791397
791744
791746
793807
794034
794036
794038
794041
794491
794633
795195
795235
795253
796045
796725
796972
797553
797615
797678
799324
799489
800072
800218
800928
802131
802960
803080
804341
805271
805740
806217
806245
806416
806416
808872
809239
810835
811377
813663
813823
814684
816164
816164
816414
816435
816440
816576
816956
816957
816959
816961
816962
816964
816965
816966
816967
816968
816969
816970
816971
816972
817308
817345
817381
817406
817418
817483
818304
818487
821411
821678
821732
822026
822224
822410
822745
823093
826788
828025
828646
828834
828916
828996
829219
829560
829991
830025
830028
831109
832107
832532
832533
832538
832540
832540
833009
834360
834360
834366
834655
834878
835685
835686
835688
835689
835918
836005
836031
836706
836726
837064
837068
837085
837395
837962
837962
839094
839233
839696
839721
840623
841151
841779
841954
842121
842153
842158
842415
842994
843593
844247
845324
846069
846209
846269
846772
849115
849115
849125
849339
849340
849341
849342
849529
850131
850131
850142
850371
850737
850794
851534
851534
851576
852249
852249
852249
852473
853714
853845
854004
854011
854039
854039
854468
854532
855187
855338
855396
857133
857150
857330
857503
857510
857510
857535
857879
857913
858106
858109
858228
858875
858977
858977
859067
859067
859075
859184
859184
859223
859561
859561
860039
860171
860171
860679
860679
860679
861166
861291
861383
861532
861537
861544
861622
861624
862526
862526
863109
863814
864111
864344
864841
865727
866533
867015
867119
867519
867524
867712
868788
869236
869396
869698
869858
870860
871676
871683
871734
873317
873951
874230
874708
874880
874937
874962
875825
875831
876020
876667
876749
876840
877056
877904
877916
878347
878347
879005
879092
879293
879313
879313
879469
879469
880239
880428
880434
880436
880488
880682
880758
880764
880826
880878
881264
881591
881591
882186
882773
882773
883007
884359
884653
884655
885121
885127
885356
885479
885803
886364
886434
886578
886931
887208
887253
887507
887512
887549
887744
889223
889223
889294
889294
889521
889563
889563
889565
889568
889568
889574
889574
889603
889607
889607
889719
890809
890809
890809
890809
891223
891256
891270
891270
891271
891271
891317
891317
891330
891330
892392
893339
893446
894091
894091
894179
894621
894621
894627
894627
894630
894630
895732
896030
896118
896134
896291
898181
898331
898610
898617
898619
898650
898825
898873
899151
899440
899943
900457
901070
901404
901506
901591
901626
902129
902303
902346
902371
902441
902864
903211
903622
904019
904503
904732
904949
904961
904961
904967
904967
904967
905599
905838
906354
906807
907012
907229
908045
908538
909170
909188
909199
909412
909716
910224
911246
911855
911895
912079
912114
912510
912622
913018
913109
913470
913470
914552
914596
914697
915514
915532
916280
916380
917538
917540
918459
918955
918955
919621
921380
921476
921476
922090
922779
922785
924805
924846
924968
925208
925366
925467
926151
926155
926167
926197
926211
927585
927796
928174
928269
928419
928419
928419
928596
928604
928856
930579
930711
931250
931527
931701
931850
931850
933382
935059
935106
935678
935693
936981
936983
936983
937190
937190
937194
937231
937281
937300
937905
938056
939287
939456
939768
939771
939774
939776
940204
940274
940648
940649
941053
941808
941847
944258
944258
944447
945186
945573
946334
946452
946697
946870
947693
947994
948115
948134
948243
948381
949427
949727
950025
950146
950592
950645
951380
951512
952783
952981
952981
953140
953175
953491
953613
953860
954438
954694
955426
955987
956272
958046
959940
960232
960710
960797
961603
962236
962491
963769
963944
963946
964200
964200
965513
965519
965739
965843
966031
966031
966356
966682
966865
967171
968278
968308
969382
970101
970114
970157
970762
971068
972030
972105
972449
972460
972593
972691
972724
973471
973972
973972
973972
973972
974407
974883
975191
975634
978644
980086
980164
980164
980306
980309
981428
981619
981628
982210
983388
983480
983564
983667
984231
984678
985387
985629
986342
986850
986958
986977
987099
987227
987449
988003
989609
990522
990753
991121
991593
991740
991805
991974
992026
992738
992766
994562
994793
995032
995933
996668
996983
997236
997729
997731
997732
998442
1000111
1000633
1001025
1001025
1001218
1001473
1002216
1002276
1002727
1002837
1003119
1003806
1003806
1003809
1003809
1004021
1004179
1004908
1005430
1005436
1005670
1005801
1006196
1006587
1007746
1007763
1008044
1008274
1009151
1009324
1009324
1009332
1009332
1009395
1009397
1009397
1009459
1009509
1010507
1010575
1011361
1011430
1011856
1011979
1012158
1012303
1012566
1012930
1013534
1013853
1014170
1014315
1014637
1014968
1014968
1015308
1015849
1015925
1017158
1017159
1017159
1017351
1017630
1019084
1019572
1022156
1022159
1023192
1023320
1023958
1023958
1024308
1024568
1024680
1025111
1025111
1025142
1025358
1025623
1025772
1027760
1027779
1027817
1028172
1028187
1029202
1029212
1029915
1030152
1030450
1030833
1031541
1032393
1032570
1034709
1034816
1035021
1035022
1035177
1035675
1035676
1035677
1036018
1036109
1036298
1036483
1036483
1037180
1037612
1037691
1037819
1039693
1041091
1041096
1042019
1042019
1042604
1046564
1046725
1047777
1049175
1049557
1050725
1050869
1051715
1051863
1051933
1052051
1052051
1052053
1052053
1053632
1054299
1054671
1055361
1055377
1056081
1056184
1056620
1056778
1056778
1056778
1057011
1057025
1058614
1058990
1059105
1059105
1059147
1059149
1059363
1059443
1060148
1060172
1060177
1060355
1060490
1060491
1060495
1060496
1060790
1061367
1061367
1061752
1061757
1062494
1062504
1062529
1062533
1062535
1062537
1062713
1062726
1062731
1062815
1062937
1062946
1062950
1062955
1062963
1063013
1063019
1063066
1063276
1063999
1064347
1064349
1064351
1064690
1064695
1064699
1064707
1064710
1064711
1064724
1064732
1064763
1064767
1064821
1064822
1065795
1065847
1066536
1066928
1067220
1067362
1067368
1067449
1067541
1067645
1067808
1067848
1068304
1069793
1070386
1071758
1071968
1072525
1072657
1073425
1074148
1074519
1074825
1074892
1075381
1075400
1075407
1075407
1075435
1076112
1076112
1076173
1076198
1076198
1076318
1077282
1077347
1077565
1078964
1078988
1078998
1079037
1079040
1079061
1079577
1080204
1080345
1080365
1080738
1080738
1080738
1080763
1081504
1081753
1081865
1082324
1082596
1082708
1083309
1083321
1083435
1084500
1084818
1084818
1084818
1084818
1085007
1085144
1085264
1086278
1087307
1087739
1088293
1088293
1088611
1089424
1089470
1090637
1090929
1090933
1090950
1090960
1091083
1091717
1091718
1091805
1091874
1093501
1094486
1094554
1094744
1094753
1094758
1095081
1095399
1095410
1095985
1095986
1095986
1096202
1096211
1096211
1096481
1096487
1096504
1096504
1096827
1097405
1097405
1097405
1097604
1097803
1097803
1097803
1098018
1098078
1098155
1098242
1098242
1098405
1098437
1098490
1098542
1099067
1099242
1099418
1099509
1099649
1099649
1099649
1099649
1099677
1099677
1099732
1099748
1100161
1100184
1100396
1100414
1100555
1100555
1100582
1100642
1100854
1100881
1100881
1101552
1102090
1102090
1102169
1102171
1102177
1102384
1102722
1102763
1102953
1103870
1103996
1105181
1105247
1105329
1105711
1105954
1105958
1105958
1107350
1108244
1108447
1109994
1109994
1110005
1110283
1110387
1110387
1110387
1110502
1110713
1110713
1110908
1111451
1111451
1111451
1111458
1113011
1113011
1113011
1113011
1113014
1113639
1113876
1114387
1114804
1115303
1115741
1115803
1116027
1116027
1116291
1116291
1116291
1116817
1116884
1117567
1117858
1117891
1118509
1119189
1120711
1120964
1121071
1122650
1122656
1122712
1123816
1124571
1124925
1125009
1125011
1126000
1131373
1132299
1132299
1132299
1134321
1135070
1136212
1137967
1138415
1140374
1140941
1141774
1142169
1142238
1142993
1145114
1149426
1150008
1150366
1152620
1154166
1154781
1154955
1155989
1156022
1156024
1156385
1157026
1157037
1160448
1161606
1162679
1163159
1166292
1166295
1166913
1168821
1168957
1169370
1169370
1169772
1169790
1169840
1170694
1173174
1174135
1176459
1176906
1176906
1177916
1181031
1181292
1181979
1181979
1182144
1182221
1182243
1182386
1182387
1182967
1183969
1185117
1185187
1185290
1188015
1188239
1189616
1189834
1189865
1189865
1189876
1189877
1190471
1190556
1190559
1195200
1196762
1196776
1198026
1199033
1199081
1201098
1201692
1202948
1204703
1207370
1208030
1209777
1214891
1215598
1215602
1215613
1215650
1215939
1216315
1216459
1217349
1219471
1219705
1221330
1223091
1223489
1223735
1223741
1223752
1223756
1223762
1223779
1224035
1224174
1224176
1224181
1224186
1224189
1224194
1224209
1224236
1224392
1224396
1224466
1225311
1228302
1228699
1228700
1229011
1229061
1229968
1230051
1232214
1232489
1233114
1233890
1233988
1234320
1234413
1234466
1234828
1234964
1235351
1235891
1236203
1237059
1237600
1237600
1237652
1237938
1237938
1237960
1238021
1238021
1238042
1238042
1238332
1238333
1238473
1238587
1238895
1238919
1239161
1239194
1239194
1239196
1239196
1239199
1239205
1239210
1239215
1239218
1239328
1239390
1239718
1239977
1240719
1241537
1241546
1241552
1241552
1241684
1241876
1242037
1242056
1242552
1243020
1243737
1245527
1245559
1245628
1246151
1249199
1249199
1249776
1249784
1249784
1249790
1249790
1249791
1251227
1251512
1251761
1252043
1252082
1252131
1252131
1252151
1252167
1252208
1252320
1252348
1252349
1252381
1252480
1252582
1252665
1252809
1252871
1252871
1252958
1253001
1253087
1253135
1253169
1253686
1253755
1253767
1254259
1254393
1254397
1254425
1254430
1254450
1254461
1254593
1254660
1254671
1254673
1254835
1255005
1255836
1256137
1256379
1257202
1258164
1258416
1258416
1258420
1258893
1259046
1259078
1259667
1259906
1259910
1260012
1260156
1260417
1260454
1260481
1268716
1269678
1269678
1271635
1272095
1272105
1272206
1272512
1273102
1275882
1276442
1277361
1277410
1277731
1277743
1278433
1278463
1278473
1278489
1279556
1279571
1279582
1279587
1279617
1279619
1279623
1279631
1279661
1279661
1280177
1280567
1280581
1280608
1280609
1280730
1281480
1281506
1281506
1281774
1281890
1282522
1282683
1282683
1282687
