19
9075
12669
41783
45365
72706
75967
75994
76001
76005
79720
79848
81690
95177
102333
104484
116682
130892
131950
131950
141035
141251
141652
142102
143216
146449
155062
164190
176318
182302
198351
203841
249936
264383
264384
266767
266991
266991
290478
295787
298932
306921
308595
312460
314647
317554
323810
335580
345479
349773
349773
351117
407201
413268
430431
434876
437011
489918
504114
526821
538356
538361
544235
545338
561606
599045
616255
625134
626807
628650
631587
632741
659189
667552
721024
728191
737893
749186
756438
779459
783504
832575
837692
858045
858045
859843
865281
868859
901503
901506
902030
907156
946477
948893
979060
994903
995922
995924
1003819
1006303
1025692
1028148
1028166
1052987
1086521
1175816
1179460
1181389
1182595
1222868
1260077
1280375
1280375
