1393
1397
4214
7952
7952
8063
19938
19940
21805
22024
32424
33007
36112
36125
38219
40639
45651
45707
45714
46506
46627
47254
49119
51734
56965
60453
62395
62821
62821
65991
65991
70003
70734
70976
71941
72302
72308
74129
74920
75747
80283
81362
81463
81463
81633
82782
82782
83507
83507
83508
83508
83785
88491
97274
98461
100146
101987
103891
105138
106741
107196
107659
107659
111654
112124
112124
112727
112795
112795
112865
112865
112901
113420
113620
113620
113622
113628
113651
117069
123212
124704
124723
125510
129690
134150
134554
135103
137428
137447
137458
137511
137511
140844
145971
148995
148997
150177
155675
167176
167176
167176
167781
170336
172467
178871
183924
183989
187120
193465
203138
207259
211425
211881
215261
222946
224045
224065
224072
224375
225110
225121
225128
225623
227229
227255
227706
230450
231014
240284
240287
242465
242466
243809
247806
249285
257372
262900
265068
267978
272027
272850
272850
278985
282343
282540
282636
288991
289020
290086
292156
292156
295746
305090
306270
314366
317716
323438
323438
328262
328262
328265
328269
328272
328274
329399
330727
338859
339396
348056
353021
364103
368898
370957
370959
371298
399490
403765
403765
403850
405707
405992
407227
409233
417121
426950
426970
427007
427696
433852
435306
435886
442541
450373
454053
465145
465860
465871
465884
469256
470825
472134
473227
473486
474406
474406
475648
484352
484580
488267
503749
509060
509396
509396
525770
527804
532895
532895
539384
551781
554011
554050
559894
561614
562606
562614
562618
562620
562929
569130
572248
572248
572544
572544
588308
588320
588323
588328
593170
593172
597717
597719
597722
600463
600654
600779
600781
600784
600785
600786
600837
601242
601242
601552
601552
603092
603092
607643
607643
612337
613963
613968
616053
645721
654266
661991
668109
682663
690582
690613
690688
690700
690717
690722
692812
701188
701190
701194
701198
702970
702970
710993
710993
711509
715636
721639
728210
728210
729575
729575
729579
729579
729585
729585
729593
729593
729612
729612
729834
729834
729866
729866
732725
733100
737440
741910
742032
744754
745011
751842
751845
753070
763802
763940
763942
763953
774973
782750
787630
809857
822349
823164
823565
825351
829349
837947
855550
855799
869527
869527
874887
875331
875615
875615
878010
879834
881036
889116
889120
889129
889155
889163
890479
890482
890506
890508
890509
890510
890552
890627
891167
891190
891196
891203
891541
891541
892284
901047
911774
912567
912567
912580
912580
913051
913051
913053
913053
913054
913054
913146
913146
913151
913151
913220
913220
913516
913516
913517
913517
913824
913824
913829
913829
913831
913831
920558
921199
921440
921604
922634
923505
924215
924265
924266
924273
924374
924375
924478
924660
924763
924765
925542
925578
930160
935572
935573
936247
936586
936672
937254
939731
940097
941804
941804
949319
968533
970210
970211
970217
970218
970229
970282
970287
970288
970289
970290
970291
970292
970293
970294
986436
989391
989391
1015671
1015685
1015700
1015705
1015708
1022414
1027516
1050409
1059575
1059582
1084395
1085157
1085388
1086313
1086322
1086323
1086768
1094881
1101927
1103945
1104314
1105720
1105954
1108902
1111059
1120558
1120562
1120680
1120686
1120896
1120938
1120949
1121337
1121385
1121390
1121787
1121794
1121813
1122629
1122727
1122832
1122951
1123070
1123071
1123075
1123079
1123081
1123870
1123876
1151675
1151681
1151709
1152525
1155758
1203099
1212476
1212476
1213543
1213551
1213638
1213639
